00020200 03000101 00000000 00010000 01000001 00000200 00010000 03000001
00000400 00010000 05000001 00000600 00010000 07000001 00000800 00010000
09000001 00000a00 00010000 0b000001 00000c00 00010000 0d000001 00000e00
00010000 0f000001 00001000 00010000 11000001 00001200 00010000 13000001
00001400 00010000 15000001 00001600 00010000 17000001 00001800 00010000
19000001 00001a00 00010000 19000001 00001c00 00010000 1d000001 00001d00
00010000 1f000001 00001d00 00010000 21000001 00001c00 00010000 1d000001
00002600 00010000 28000101 00002600 00010000 28000101 00002800 01010000
29000101 00002a00 00010000 2b000001 00002a00 00010000 2d000001 00002e00
00010000 2e000001 00003000 00010000 31000601 00003200 01010000 33000101
00003400 00010000 35000001 00003600 00010000 37000001 00003800 00010000
39000001 00003a00 00010000 3b000001 00003c00 00010000 3d000001 00003e00
00010000 3f000001 00004000 00010000 41000001 00004200 00010000 43000001
00004400 00010000 45000001 00004600 00010000 47000001 00000000 01010000
12000101 00001300 01010000 17000101 00001800 01010000 2d000101 00002a00
02010000 2d000101 00002e00 01010000 2e000101 00003000 01010000 31000601
00003200 01010000 33000101 00003300 01010000 35000101 00003600 01010000
37000101 00003800 01010000 39000101 00003a00 01010000 3b000101 00003c00
01010000 3d000101 00003e00 01010000 3f000101 00004000 01010000 41000101
00004200 01010000 43000101 00004400 01010000 45000101 00004600 01010000
47000101 00000000 02010000 14000201 00001500 02010000 18000201 00001900
02010000 2b000201 00002a00 02010000 2e000301 00002d00 02010000 2e000101
00003000 02010000 31000501 00003200 02010000 33000201 00003200 02010000
35000201 00003600 02010000 37000201 00003800 02010000 39000201 00003a00
02010000 3b000201 00003c00 02010000 3d000201 00003e00 02010000 3f000201
00004000 02010000 41000201 00004200 02010000 43000201 00004400 02010000
45000201 00004600 02010000 47000201 00000000 03010000 0d000401 00000f00
04010000 10000401 00001000 05010000 16000301 00001900 03010000 26000301
00002700 05010000 2b000301 00003000 02010000 30000301 00003100 05010000
36000301 00003700 03010000 38000301 00003900 03010000 3b000301 00003c00
03010000 3d000301 00003e00 03010000 3f000301 00004000 03010000 41000301
00004200 03010000 43000301 00004400 03010000 45000301 00004600 03010000
47000301 00000000 04010000 0b000901 00000c00 09010000 0d000901 00000e00
09010000 0f000901 00001000 09010000 07000401 00000800 04010000 09000401
00000a00 04010000 0b000401 00000c00 04010000 0d000401 00001f00 05010000
20000501 00002b00 04010000 2b000401 00002b00 04010000 30000401 00003100
06010000 33000601 00003400 04010000 35000401 00003600 04010000 37000401
00003800 04010000 39000401 00003b00 04010000 3c000401 00003d00 04010000
3e000401 00003f00 04010000 40000401 00004100 04010000 42000401 00004300
04010000 44000401 00004500 04010000 46000401 00004700 04010000 05000001
00000600 00010000 05000901 00000600 09010000 0e000501 00000f00 05010000
19000401 00001a00 05010000 2b000501 00002f00 05010000 30000501 00003100
05010000 35000501 00003600 05010000 37000501 00003800 05010000 39000501
00003b00 05010000 3c000501 00003d00 05010000 3e000501 00003f00 05010000
40000501 00004100 05010000 42000501 00004300 05010000 44000501 00004500
05010000 46000501 00004700 05010000 00000901 00000700 09010000 2b000601
00002d00 06010000 2e000601 00003000 06010000 31000601 00003300 06010000
34000601 00003500 06010000 36000601 00003700 06010000 38000601 00003900
06010000 3b000601 00003c00 06010000 3d000601 00003e00 06010000 3f000601
00004000 06010000 41000601 00004200 06010000 43000601 00004400 06010000
45000601 00004600 06010000 47000601 00000100 09010000 01000901 00000800
09010000 09000901 00000a00 09010000 15000701 00001600 07010000 2b000701
00002f00 07010000 30000701 00003100 07010000 36000701 00003700 07010000
3d000701 00003e00 07010000 3f000701 00004000 07010000 41000701 00004200
07010000 43000701 00004400 07010000 45000701 00004600 07010000 47000701
00002200 09010000 23000901 00002b00 08010000 2c000801 00002d00 08010000
2e000801 00002f00 08010000 30000801 00003100 08010000 32000801 00003300
08010000 34000801 00003500 08010000 36000801 00003700 08010000 38000801
00003900 08010000 3a000801 00003b00 08010000 3c000801 00003d00 08010000
3e000801 00003f00 08010000 40000801 00004100 08010000 42000801 00004300
08010000 44000801 00004500 08010000 46000801 00004700 08010000 00000501
00000000 06010000 00000701 00000000 08010000 00000901 00000500 08010000
05000701 00000500 06010000 05000501 00000500 04010000 06000401 00000100
08010000 01000701 00000100 06010000 01000501 00000100 04010000 01000301
00000100 02010000 01000101 00000600 05010000 07000501 00000800 05010000
09000501 00000a00 05010000 0b000501 00000c00 05010000 0d000501 00000e00
04010000 10000801 00001000 07010000 10000601 00000f00 06010000 0e000601
00000d00 06010000 0c000601 00000b00 06010000 0a000601 00000600 06010000
07000601 00000800 06010000 09000601 00000c00 07010000 0d000701 00000e00
07010000 0f000701 00000b00 07010000 0a000701 00000900 07010000 08000701
00000700 07010000 06000701 00000600 08010000 0e000801 00000f00 08010000
07000801 00000800 08010000 09000801 00000a00 08010000 0b000801 00000c00
08010000 0d000801 00001700 03010000 18000401 00001b00 05010000 11000501
00001200 05010000 13000601 00001400 06010000 17000801 00001800 08010000
19000901 00001a00 09010000 18000901 00001700 09010000 16000901 00001500
09010000 14000901 00001300 09010000 12000901 00001100 09010000 11000801
00001100 07010000 11000601 00001200 06010000 12000701 00001300 07010000
13000801 00001200 08010000 14000801 00001400 07010000 15000801 00001600
08010000 1b000901 00001c00 09010000 1d000901 00001e00 09010000 1f000901
00002000 09010000 21000901 00001c00 05010000 1d000501 00001e00 05010000
1f000501 00002000 05010000 21000501 00002200 05010000 18000301 00001700
02010000 16000201 00001500 01010000 14000101 00001600 01010000 19000101
00001a00 02010000 1a000101 00001a00 03010000 1c000301 00001c00 02010000
1c000101 00001d00 04010000 1d000301 00001d00 02010000 1d000101 00001f00
04010000 1f000401 00001f00 01010000 1f000101 00002300 05010000 24000501
00002500 05010000 21000201 00002100 01010000 21000201 00002100 03010000
21000401 00001f00 03010000 1f000301 00002300 03010000 24000301 00002300
01010000 24000101 00002600 01010000 26000201 00002600 04010000 26000501
00002500 03010000 25000101 00002600 00010000 28000101 00002800 01010000
28000101 00002500 00010000 25000201 00002500 04010000 28000301 00002900
03010000 28000101 00002700 05010000 28000501 00002900 05010000 2a000501
00002b00 02010000 2b000101 00002b00 00010000 2b000001 00002a00 01010000
2a000201 00002a00 03010000 2a000401 00003000 04010000 2f000601 00002e00
07010000 2d000701 00002c00 07010000 2c000601 00002c00 05010000 2d000501
00002e00 05010000 2d000201 00003000 02010000 2d000401 00002e00 04010000
2e000301 00003000 03010000 32000301 00003200 06010000 32000501 00003200
06010000 32000701 00003300 07010000 34000701 00003500 07010000 33000501
00003400 05010000 33000301 00003300 03010000 35000301 00003800 07010000
39000701 00003a00 07010000 3b000701 00003c00 07010000 3a000601 00003a00
05010000 3a000301 00003a00 04010000 2a000701 00002a00 06010000 290006
:)