00020200 03000101 00000000 00010000 01000001 00000200 00010000 03000001
00000400 00010000 05000001 00000600 00010000 07000001 00000800 00010000
09000001 00000a00 00010000 0b000001 00000c00 00010000 0d000001 00000e00
00010000 0f000001 00001000 00010000 11000001 00001200 00010000 13000001
00001400 00010000 15000001 00001600 00010000 17000001 00001800 00010000
19000001 00001a00 00010000 1b000001 00001c00 00010000 1d000001 00001e00
00010000 1f000001 00002000 00010000 21000001 00002200 00010000 23000001
00002400 00010000 25000001 00002600 00010000 27000001 00002800 00010000
29000001 00002a00 00010000 2b000001 00002c00 00010000 2d000001 00002e00
00010000 2f000001 00003000 00010000 31000001 00003200 00010000 33000001
00003400 00010000 35000001 00003600 00010000 37000001 00003800 00010000
39000001 00003a00 00010000 3b000001 00003c00 00010000 3d000001 00003e00
00010000 3f000001 00004000 00010000 41000001 00004200 00010000 43000001
00004400 00010000 45000001 00004600 00010000 47000001 00000000 01010000
12000101 00001300 01010000 17000101 00001800 01010000 2b000101 00002c00
01010000 2d000101 00002e00 01010000 2f000101 00003000 01010000 31000101
00003200 01010000 33000101 00003400 01010000 35000101 00003600 01010000
37000101 00003800 01010000 39000101 00003a00 01010000 3b000101 00003c00
01010000 3d000101 00003e00 01010000 3f000101 00004000 01010000 41000101
00004200 01010000 43000101 00004400 01010000 45000101 00004600 01010000
47000101 00000000 02010000 14000201 00001500 02010000 18000201 00001900
02010000 2b000201 00002c00 02010000 2d000201 00002e00 02010000 2f000201
00003000 02010000 31000201 00003200 02010000 33000201 00003400 02010000
35000201 00003600 02010000 37000201 00003800 02010000 39000201 00003a00
02010000 3b000201 00003c00 02010000 3d000201 00003e00 02010000 3f000201
00004000 02010000 41000201 00004200 02010000 43000201 00004400 02010000
45000201 00004600 02010000 47000201 00000000 03010000 0d000301 00000e00
03010000 0f000301 00001000 03010000 16000301 00001900 03010000 26000301
00002700 03010000 2b000301 00002f00 03010000 30000301 00003100 03010000
36000301 00003700 03010000 38000301 00003900 03010000 3b000301 00003c00
03010000 3d000301 00003e00 03010000 3f000301 00004000 03010000 41000301
00004200 03010000 43000301 00004400 03010000 45000301 00004600 03010000
47000301 00000000 04010000 01000401 00000200 04010000 03000401 00000400
04010000 05000401 00000600 04010000 07000401 00000800 04010000 09000401
00000a00 04010000 0b000401 00000c00 04010000 0d000401 00001f00 04010000
20000401 00002b00 04010000 2d000401 00002e00 04010000 30000401 00003100
04010000 33000401 00003400 04010000 35000401 00003600 04010000 37000401
00003800 04010000 39000401 00003b00 04010000 3c000401 00003d00 04010000
3e000401 00003f00 04010000 40000401 00004100 04010000 42000401 00004300
04010000 44000401 00004500 04010000 46000401 00004700 04010000 01000501
00000200 05010000 03000501 00000400 05010000 0e000501 00000f00 05010000
19000501 00001a00 05010000 2b000501 00002f00 05010000 30000501 00003100
05010000 35000501 00003600 05010000 37000501 00003800 05010000 39000501
00003b00 05010000 3c000501 00003d00 05010000 3e000501 00003f00 05010000
40000501 00004100 05010000 42000501 00004300 05010000 44000501 00004500
05010000 46000501 00004700 05010000 01000601 00000200 06010000 2b000601
00002d00 06010000 2e000601 00003000 06010000 31000601 00003300 06010000
34000601 00003500 06010000 36000601 00003700 06010000 38000601 00003900
06010000 3b000601 00003c00 06010000 3d000601 00003e00 06010000 3f000601
00004000 06010000 41000601 00004200 06010000 43000601 00004400 06010000
45000601 00004600 06010000 47000601 00000100 07010000 02000701 00000700
07010000 08000701 00000900 07010000 16000701 00001700 07010000 2b000701
00002f00 07010000 30000701 00003100 07010000 36000701 00003700 07010000
3d000701 00003e00 07010000 3f000701 00004000 07010000 41000701 00004200
07010000 43000701 00004400 07010000 45000701 00004600 07010000 47000701
00002000 08010000 21000801 00002b00 08010000 2c000801 00002d00 08010000
2e000801 00002f00 08010000 30000801 00003100 08010000 32000801 00003300
08010000 34000801 00003500 08010000 36000801 00003700 08010000 38000801
00003900 08010000 3a000801 00003b00 08010000 3c000801 00003d00 08010000
3e000801 00003f00 08010000 40000801 00004100 08010000 42000801 00004300
08010000 44000801 00004500 08010000 46000801 00004700 08010000 2a000801
00001f00 08010000 1e000801 00002900 08
04 0000 00FF 0001 00FF
03 0047 00FF 0001 00FF 01 69
:)
