00020200 01000801 00000000 00010000 01000001 00000200 00010000 03000001
00000400 00010000 05000001 00000600 00010000 07000001 00000a00 00010000
0b000101 00000a00 00010000 0b000001 00000c00 00010000 0d000001 00000e00
00010000 0f000001 00001000 00010000 11000001 00001000 00010000 15000001
00001600 00010000 15000001 00001600 00010000 17000001 00001700 00010000
1b000001 00001b00 00010000 1b000001 00001c00 00010000 1d000001 00001e00
00010000 1f000001 00002000 00010000 21000001 00002200 00010000 23000001
00002400 00010000 25000001 00002600 00010000 27000001 00002800 00010000
29000001 00002a00 00010000 2b000001 00002c00 00010000 2d000001 00002e00
00010000 2f000001 00003000 00010000 31000001 00003200 00010000 33000001
00003400 00010000 35000001 00003600 00010000 36000001 00003900 00010000
39000001 00003a00 00010000 3a000001 00003a00 00010000 3d000001 00003e00
00010000 3e000001 00004100 00010000 41000001 00004100 00010000 45000001
00004500 00010000 45000001 00004600 00010000 47000001 00000000 01010000
11000101 00001600 01010000 17000101 00001700 01010000 2b000301 00002c00
03010000 2d000001 00002e00 03010000 2f000301 00003000 00010000 31000001
00003200 00010000 33000001 00003400 00010000 35000001 00003500 00010000
36000001 00003900 00010000 39000001 00003a00 00010000 3a000001 00003c00
03010000 3d000401 00003e00 04010000 3f000401 00004000 03010000 41000301
00004200 03010000 43000301 00004400 03010000 45000301 00004700 02010000
48000401 00000000 02010000 15000201 00001500 02010000 17000201 00001c00
02010000 2b000301 00002c00 03010000 2d000301 00002e00 03010000 2f000301
00003100 03010000 32000301 00003200 03010000 33000301 00003400 03010000
35000301 00003600 03010000 37000301 00003800 03010000 39000301 00003a00
03010000 3b000301 00003c00 03010000 3d000301 00003e00 03010000 3f000301
00004000 03010000 41000401 00004200 04010000 43000301 00004400 03010000
45000301 00004700 02010000 48000401 00000000 03010000 0c000601 00000f00
03010000 0f000301 00001000 03010000 16000301 00001b00 03010000 26000101
00002600 01010000 2b000301 00002f00 03010000 30000301 00003100 03010000
36000301 00003700 03010000 38000301 00003800 03010000 3b000301 00003c00
03010000 3d000301 00003e00 03010000 3f000301 00004000 03010000 41000301
00004200 03010000 43000301 00004400 03010000 45000301 00004700 02010000
48000401 00000000 04010000 01000401 00000200 04010000 03000401 00000400
04010000 05000401 00000600 04010000 07000401 00000700 04010000 0a000601
00000700 03010000 0b000601 00000c00 06010000 0c000701 00001c00 06010000
1d000401 00002b00 04010000 2f000401 00002e00 05010000 30000401 00003100
04010000 36000601 00003600 06010000 36000601 00003600 04010000 37000401
00003800 04010000 38000401 00003b00 04010000 3c000401 00003d00 04010000
3e000401 00003f00 04010000 40000401 00004100 04010000 42000401 00004300
04010000 44000401 00004500 04010000 45000501 00004800 04010000 01000501
00000200 05010000 03000501 00000400 05010000 0f000701 00000f00 05010000
1b000501 00001c00 04010000 2b000501 00002f00 06010000 30000501 00003100
05010000 36000701 00003600 05010000 37000501 00003800 05010000 38000501
00003b00 05010000 3c000501 00003d00 05010000 3e000501 00003f00 05010000
40000501 00004100 05010000 42000501 00004300 05010000 44000501 00004500
05010000 45000501 00004800 05010000 01000601 00000200 06010000 2b000601
00002d00 07010000 2e000701 00003000 06010000 31000601 00003600 08010000
36000801 00003600 08010000 36000601 00003700 06010000 38000601 00003800
06010000 3b000601 00003c00 06010000 3d000601 00003e00 06010000 3f000601
00004000 06010000 41000601 00004200 06010000 43000601 00004400 06010000
45000601 00004500 06010000 48000601 00000100 07010000 02000701 00000700
07010000 07000701 00000600 07010000 16000701 00001700 07010000 2b000701
00002f00 08010000 30000701 00003100 07010000 36000701 00003600 07010000
3d000701 00003e00 07010000 3f000701 00004000 07010000 41000701 00004200
07010000 43000701 00004400 07010000 45000701 00004800 08010000 48000701
00001b00 07010000 1d000701 00002b00 08010000 2c000901 00002d00 09010000
2e000901 00002f00 08010000 30000801 00003100 08010000 2f000901 00003100
09010000 30000901 00003600 08010000 36000801 00003600 08010000 37000901
00003900 09010000 3a000901 00003b00 09010000 3c000801 00003d00 08010000
3e000801 00003f00 08010000 40000801 00004100 08010000 42000801 00004300
08010000 44000801 00004500 08010000 45000801 00004800 07010000 01000101
00000100 02010000 01000301 00000000 05010000 00000601 00000000 07010000
00000801 00000000 09010000 00000a01 00000000 00010000 02000101 00000200
02010000 03000201 00000300 03010000 03000601 00000200 03010000 02000a01
00000200 0a010000 02000a01 00000100 0a010000 01000a01 00000100 0a010000
03000101 00000300 07010000 03000a01 00000300 0a010000 03000a01 00000400
07010000 04000601 00000400 03010000 04000201 00000400 01010000 05000101
00000500 02010000 05000301 00000500 05010000 05000601 00000500 07010000
06000701 00000600 06010000 06000501 00000600 03010000 06000201 00000600
01010000 07000601 00000700 05010000 07000301 00000700 02010000 07000101
00000600 01010000 07000201 00000b00 02010000 0a000601 00000600 05010000
07000601 00000600 03010000 0b000101 00000600 05010000 06000601 00000a00
07010000 0a000601 00000a00 06010000 0a000601 00000a00 06010000 0a000201
00000a00 01010000 0b000101 00000c00 01010000 0d000101 00000d00 02010000
0e000201 00000f00 02010000 10000201 00001000 01010000 0f000101 00000e00
01010000 0c000601 00000b00 06010000 0b000601 00000c00 02010000 0b000201
00000b00 06010000 0b000701 00000c00 07010000 0c000701 00001000 06010000
0f000701 00000f00 06010000 10000501 00001000 04010000 10000601 00001000
07010000 0f000401 00000f00 04010000 0c000601 00000c00 06010000 0f000501
00000c00 06010000 0c000601 00000400 0a010000 05000a01 00000600 0a010000
07000a01 00000800 0a010000 09000a01 00000a00 0a010000 0b000a01 00000c00
0a010000 0d000a01 00000e00 0a010000 0f000a01 00001000 0a010000 10000a01
00001000 07010000 0a000801 00000a00 09010000 0f000501 00001100 01010000
11000201 00001100 03010000 11000401 00001100 05010000 11000601 00001100
07010000 11000701 00001500 07010000 15000601 00001500 05010000 15000401
00001500 03010000 15000201 00001000 02010000 11000301 00001100 04010000
11000501 00001100 06010000 11000501 00001000 06010000 13000a01 00001500
06010000 15000701 00001500 07010000 16000601 00001700 06010000 17000601
00001700 07010000 1b000601 00001c00 05010000 1d000501 00001d00 06010000
1b000401 00001b00 01010000 1c000101 00001b00 02010000 1c000301 00001b00
01010000 16000101 00001600 02010000 15000101 00001700 02010000 16000101
00001700 03010000 17000301 00001500 03010000 15000301 00001700 04010000
17000401 00001600 04010000 15000401 00001500 04010000 15000501 00001600
05010000 17000501 00001700 05010000 15000501 00001500 06010000 15000601
00000a00 03010000 0b000301 00000c00 03010000 0d000301 00000e00 03010000
0b000801 00000b00 09010000 0c000801 00000c00 09010000 15000701 00001600
07010000 16000701 00001600 07010000 19000a01 00001b00 06010000 1d000301
00001d00 02010000 1d000101 00001c00 07010000 1d000701 00001c00 0a010000
1d000a01 00001e00 0a010000 1e000701 00001f00 07010000 20000701 00002000
07010000 20000701 00002400 07010000 24000701 00002500 07010000 26000701
00002600 06010000 26000501 00002600 05010000 26000101 00002600 01010000
01000001 00000000 01010000 01000201 00000000 03010000 00000401 00000000
05010000 00000601 00000000 07010000 00000801 00000000 09010000 00000a01
00001f00 0a010000 20000a01 00002100 0a010000 22000a01 00002300 0a010000
24000a01 00002500 0a010000 26000a01 00001e00 06010000 1f000601 00002000
06010000 21000601 00002500 06010000 25000601 00002500 06010000 25000601
00002600 05010000 26000501 00002500 02010000 25000201 00002500 01010000
24000101 00002300 01010000 22000101 00002100 01010000 20000101 00001f00
01010000 1e000101 00001e00 02010000 1e000301 00001e00 04010000 1e000501
00001f00 05010000 20000501 00002100 05010000 21000401 00002200 04010000
26000501 00002400 03010000 26000501 00002200 04010000 22000501 00002000
04010000 1f000401 00002000 03010000 20000201 00002100 02010000 22000201
00002300 02010000 24000201 00002400 03010000 23000301 00002200 03010000
21000301 00001f00 02010000 1f000301 00002300 04010000 27000501 00002700
06010000 27000701 00002700 04010000 28000301 00002800 04010000 28000501
00002800 06010000 28000701 00002400 08010000 24000901 00002500 09010000
26000901 00002700 09010000 28000901 00002800 08010000 27000801 00002600
08010000 25000801 00002800 0a010000 29000a01 00002700 0a010000 2a000a01
00002b00 0a010000 2c000a01 00002d00 0a010000 2b000901 00002c00 09010000
2d000901 00002a00 09010000 29000901 00002900 07010000 2a000701 00002a00
08010000 29000801 00002a00 06010000 29000601 00002900 05010000 2a000501
00002a00 04010000 29000401 00002a00 03010000 29000301 00002d00 05010000
2e000301 00002d00 03010000 2c000301 00003200 03010000 33000301 00003400
03010000 35000301 00003600 04010000 36000401 00003600 04010000 36000401
00002e00 0a010000 2f000a01 00003000 0a010000 31000a01 00003200 0a010000
33000a01 00003400 0a010000 35000a01 00003600 0a010000 37000a01 00003800
0a010000 3c000a01 00003900 09010000 38000901 00003700 09010000 36000901
00003200 09010000 33000901 00003400 09010000 35000901 00003400 07010000
35000701 00003400 05010000 35000501 00003300 05010000 33000701 00003500
08010000 35000601 00003500 04010000 37000901 00003700 09010000 37000701
00003800 07010000 37000701 00003a00 03010000 3a000401 00003a00 05010000
3a000601 00003a00 07010000 3b000701 00003c00 07010000 39000301 00003a00
0a010000 3b000a01 00003c00 0a010000 3d000a01 00003e00 0a010000 3f000a01
00003f00 09010000 3e000901 00003d00 09010000 3c000901 00003900 0a010000
41000001 00004100 00010000 48000001 00004800 01010000 48000201 00004800
03010000 48000801 00004800 08010000 46000601 00004700 01010000 47000201
00004700 01010000 45000001 00001700 00010000 49000801 00004a00 08010000
4b000801 00004b00 07010000 4b000601 00005100 06010000 51000701 00005100
08010000 51000901 00005100 0a010000 07000301 00000a00 03010000 11000701
00001100 07010000 11000701 00001700 07010000 1c000701 00001b00 07010000
42000001 00004200 00010000 46000501 00002300 09010000 11000a01 00001200
0a010000 14000a01 00001400 0a010000 14000a01 00001500 0a010000 16000a01
00001700 0a010000 18000a01 00001a00 0a010000 1a000a01 00001b00 0a010000
23000801 00002200 09
04 0008 0000 004B 0001
03 004C 0006 0005 0001 11 6C657665 6C332E74 69656D61 702E7478 74
:)
