00020200 03000101 00000100 00010000 01000001 00000200 00010000 03000001
00000400 00010000 05000001 00000600 00010000 07000001 00000800 00010000
09000001 00000a00 00010000 0b000001 00000c00 00010000 0d000001 00000e00
00010000 0f000001 00001000 00010000 11000001 00001200 00010000 13000001
00001400 00010000 15000001 00001500 00010000 18000001 00001800 00010000
19000001 00001a00 00010000 1b000001 00001c00 00010000 1d000001 00001e00
00010000 1f000001 00002000 00010000 21000001 00002200 00010000 23000001
00002400 00010000 25000001 00002600 00010000 27000001 00002800 00010000
29000001 00002a00 00010000 2a000001 00002f00 00010000 2f000001 00002f00
00010000 2f000001 00003000 00010000 31000001 00003200 00010000 33000001
00003400 00010000 35000001 00003600 00010000 37000001 00003800 00010000
39000001 00003a00 00010000 3b000001 00003c00 00010000 3d000001 00003d00
00010000 40000101 00004000 00010000 41000001 00004200 00010000 43000001
00004400 00010000 45000001 00004600 00010000 47000001 00000200 01010000
14000101 00001300 01010000 15000101 00001800 01010000 2a000001 00002f00
00010000 2f000001 00002f00 00010000 2f000001 00003000 00010000 31000001
00003200 00010000 33000001 00003400 00010000 35000001 00003600 00010000
37000001 00003800 00010000 39000001 00003a00 00010000 3b000001 00003c00
00010000 3d000001 00003d00 00010000 40000001 00004000 00010000 41000001
00004200 00010000 43000001 00004400 00010000 45000001 00004600 00010000
47000001 00000200 02010000 14000201 00001500 02010000 18000201 00001900
02010000 2a000001 00001900 01010000 1a000101 00001800 03010000 15000301
00000000 00010000 02000301 00000200 04010000 02000501 00000200 06010000
02000701 00000200 08010000 02000901 00000100 0a010000 02000a01 00000000
0a010000 01000a01 00000200 0a010000 03000a01 00000400 0a010000 05000a01
00000600 0a010000 07000a01 00000800 0a010000 09000a01 00000a00 0a010000
0b000a01 00000c00 0a010000 0c000901 00000c00 08010000 0c000701 00000c00
06010000 0c000501 00000c00 04010000 0c000301 00000d00 03010000 0c000301
00000e00 03010000 1d000701 00001e00 06010000 1d000501 00002100 07010000
22000601 00002100 05010000 25000701 00002600 06010000 25000501 00003700
01010000 37000201 00003800 01010000 37000501 00003700 05010000 37000601
00003700 07010000 38000601 00003800 06010000 38000501 00003800 05010000
38000201 00003800 02010000 38000101 00003900 01010000 39000201 00003900
02010000 39000501 00003900 05010000 39000601 00003900 06010000 3a000601
00003b00 06010000 3b000601 00003b00 05010000 3b000501 00003b00 02010000
3b000201 00003b00 01010000 3a000201 00003a00 02010000 3a000501 00003a00
05010000 3a000601 00003a00 01010000 3c000101 00003c00 02010000 3c000201
00003c00 06010000 3c000501 00003c00 06010000 3c000601 00003d00 06010000
3d000601 00003d00 06010000 3d000601 00003d00 06010000 3d000201 00003d00
02010000 3d000201 00003d00 01010000 3d000201 00003d00 06010000 3d000601
00003d00 01010000 3c000601 00004000 06010000 40000601 00004000 06010000
40000601 00004000 02010000 40000201 00004000 01010000 40000101 00004000
02010000 40000201 00004000 06010000 40000601 00004100 06010000 40000601
00004100 06010000 41000601 00004100 06010000 41000201 00004100 02010000
41000101 00004100 07010000 42000701 00004200 07010000 42000701 00004200
03010000 42000301 00004200 02010000 42000101 00004200 07010000 41000701
00004300 04010000 43000401 00004300 03010000 43000201 00004300 01010000
44000301 00004400 04010000 44000501 00004400 05010000 44000201 00004400
01010000 45000301 00004500 04010000 45000201 00004500 01010000 45000501
00004500 06010000 45000601 00004400 05010000 37000901 00003800 0a010000
39000a01 00003a00 0a010000 3b000a01 00003c00 0a010000 3d000a01 00003e00
0a010000 3f000a01 00004000 0a010000 41000a01 00004200 0a010000 43000a01
00004400 0a010000 45000a01 00003700 0a010000 38000a01 00003900 0a010000
3a000a01 00003b00 0a010000 3c000a01 00003d00 0a010000 3e000a01 00003f00
0a010000 40000a01 00004100 0a010000 42000a01 00004300 0a010000 44000a01
00004500 0a010000 37000801 00004700 01010000 47000201 00004700 03010000
47000401 00004700 05010000 47000601 00004700 07010000 46000701 00004600
06010000 46000501 00004600 04010000 46000301 00004600 02010000 46000101
00004600 0a010000 47000a01 00004800 0a010000 47000a01 00004600 0a010000
48000a01 00004800 07010000 48000601 00004800 05010000 48000401 00004800
03010000 48000201 00004800 01010000 48000001 00004900 07010000 4a000701
00004b00 07010000 4c000701 00004d00 07010000 4e000701 00004b00 06010000
4b000401 00004b00 02010000 4a000101 00004900 01010000 4a000501 00004a00
03010000 4b000101 00004c00 01010000 4c000201 00004c00 03010000 4c000401
00004c00 05010000 4c000601 00004d00 01010000 4e000101 00004f00 01010000
4f000701 00004e00 05010000 4f000501 00004e00 03010000 4f000301 00004f00
04010000 50000701 00005000 06010000 50000501 00005000 04010000 50000301
00005000 02010000 50000101 00005100 07010000 52000701 00005300 07010000
51000101 00005200 01010000 53000101 00005400 02010000 54000301 00005400
04010000 54000101 00005400 07010000 51000201 00005100 03010000 53000201
00005300 03010000 53000401 00005100 04010000 51000501 00005300 05010000
54000501 00005400 06010000 4a000001 00004b00 00010000 4c000001 00004d00
00010000 4e000001 00004f00 00010000 50000001 00005100 00010000 52000001
00005300 00010000 54000001 00004900 00010000 49000a01 00004a00 0a010000
4b000a01 00004c00 0a010000 4d000a01 00004e00 0a010000 4f000a01 00005000
0a010000 51000a01 00005200 0a010000 53000a01 00005500 0a010000 55000a01
00005600 0a010000 54000a01 00005500 0a010000 56000a01 00005300 0a010000
52000a01 00005100 0a010000 50000a01 00004f00 0a010000 4e000a01 00004d00
0a010000 4c000a01 00004b00 0a010000 4a000a01 00004900 0a010000 55000001
00005600 00010000 56000101 00005600 02010000 56000301 00005600 04010000
56000501 00005600 06010000 56000701 00005500 07010000 55000601 00005500
05010000 55000401 00005500 03010000 55000201 00005500 01010000 00000001
00002a00 01010000 2a000201 00002f00 01010000 2f000201 00002e00 03010000
2e000401 00002b00 03010000 2b000401 00005600 07010000 3d000501 00004000
07010000 3d000701 00003c00 07010000 3b000701 00003a00 07010000 39000701
00003800 07010000 00000001 00000000 00010000 00000001 00000000 01010000
00000201 00000000 03010000 00000401 00000000 05010000 01000501 00000100
06010000 01000701 00000100 08010000 01000901 00000000 09010000 00000801
00000000 07010000 00000601 00000100 02010000 01000301 00000100 04010000
010001
04 0016 0000 0002 0001
04 002C 0000 0004 0001
04 003E 0000 0001 0001


03 0056 000A 0001 0002 11 6C657665 6C322E74 69656D61 702E7478 74
:)
